8
8 left
4 8 4 2 2 0 2 4
2 2 2 4 8 4 0 4
0 2 4 0 0 0 4 4
0 0 0 2 2 4 8 4
0 2 2 2 0 2 4 4
0 2 4 4 4 2 2 4
0 4 4 4 8 2 2 2
0 0 0 2 2 2 2 4
8 right
4 8 4 2 2 0 2 4
2 2 2 4 8 4 0 4
0 2 4 0 0 0 4 4
0 0 0 2 2 4 8 4
0 2 2 2 0 2 4 4
0 2 4 4 4 2 2 4
0 4 4 4 8 2 2 2
0 0 0 2 2 2 2 4
8 up
4 8 4 2 2 0 2 4
2 2 2 4 8 4 0 4
0 2 4 0 0 0 4 4
0 0 0 2 2 4 8 4
0 2 2 2 0 2 4 4
0 2 4 4 4 2 2 4
0 4 4 4 8 2 2 2
0 0 0 2 2 2 2 4
8 down
4 8 4 2 2 0 2 4
2 2 2 4 8 4 0 4
0 2 4 0 0 0 4 4
0 0 0 2 2 4 8 4
0 2 2 2 0 2 4 4
0 2 4 4 4 2 2 4
0 4 4 4 8 2 2 2
0 0 0 2 2 2 2 4
5 left
4 8 2 4 0
4 4 2 0 8
8 0 2 4 4
2 2 2 2 8
0 2 2 0 0
5 right
4 8 2 4 0
4 4 2 0 8
8 0 2 4 4
2 2 2 2 8
0 2 2 0 0
5 up
4 8 2 4 0
4 4 2 0 8
8 0 2 4 4
2 2 2 2 8
0 2 2 0 0
5 down
4 8 2 4 0
4 4 2 0 8
8 0 2 4 4
2 2 2 2 8
0 2 2 0 0